---
images/banner-med.jpg: 2015-05-27 09:16:48.000000000 -05:00
images/SHAM-logo.jpg: 2015-05-27 09:16:48.000000000 -05:00
images/banner-large.jpg: 2015-05-27 09:16:48.000000000 -05:00
images/Author-Tristan-Tarwater.jpg: 2015-05-27 09:16:48.000000000 -05:00
images/banner-xl2.jpg: 2015-05-27 09:16:48.000000000 -05:00
images/banner-small.jpg: 2015-05-27 09:16:48.000000000 -05:00
images/Artist-Adrian-Ricker.jpg: 2015-05-27 09:16:48.000000000 -05:00
images/banner-xl.jpg: 2015-05-27 09:16:48.000000000 -05:00
images/comics/a-fistful-of-lunars-page-5.jpg: 2015-05-27 09:16:49.000000000 -05:00
images/comics/a-fistful-of-lunars-page-4.jpg: 2015-05-27 09:16:49.000000000 -05:00
images/comics/a-fistful-of-lunars-page-1.jpg: 2015-05-27 09:16:49.000000000 -05:00
images/comics/small/a-fistful-of-lunars-page-5.jpg: 2015-05-27 09:16:49.000000000
  -05:00
images/comics/small/a-fistful-of-lunars-page-4.jpg: 2015-05-27 09:16:49.000000000
  -05:00
images/comics/small/a-fistful-of-lunars-page-1.jpg: 2015-05-27 09:16:49.000000000
  -05:00
images/comics/small/a-fistful-of-lunars-page-3.jpg: 2015-05-27 09:16:49.000000000
  -05:00
images/comics/small/a-fistful-of-lunars-page-2.jpg: 2015-05-27 09:16:49.000000000
  -05:00
images/comics/a-fistful-of-lunars-page-3.jpg: 2015-05-27 09:16:49.000000000 -05:00
images/comics/thumbs/a-fistful-of-lunars-page-5.jpg: 2015-05-27 09:16:49.000000000
  -05:00
images/comics/thumbs/a-fistful-of-lunars-page-4.jpg: 2015-05-27 09:16:49.000000000
  -05:00
images/comics/thumbs/a-fistful-of-lunars-page-1.jpg: 2015-05-27 09:16:49.000000000
  -05:00
images/comics/thumbs/a-fistful-of-lunars-page-3.jpg: 2015-05-27 09:16:49.000000000
  -05:00
images/comics/thumbs/a-fistful-of-lunars-page-2.jpg: 2015-05-27 09:16:49.000000000
  -05:00
images/comics/a-fistful-of-lunars-page-2.jpg: 2015-05-27 09:16:49.000000000 -05:00
images/characters/Shamsee-Bio.jpg: 2015-05-27 09:16:49.000000000 -05:00
images/characters/Blighter-Bio.jpg: 2015-05-27 09:16:48.000000000 -05:00
images/characters/Gia-Bio.jpg: 2015-05-27 09:16:49.000000000 -05:00
images/cover.jpg: 2015-05-26 13:35:04.000000000 -05:00
